1::000::[ -0.7308514   -0.65682435 -12.04096   ]::150::[-0.02005502 -3.9719176  -6.890004  ];
2::000::[ -0.7308514   -0.65682435 -12.04096   ]::150::[-0.02005502 -3.9719176  -6.890004  ];
3::000::[ -0.7308514   -0.65682435 -12.04096   ]::150::[-0.02005502 -3.9719176  -6.890004  ];
4::000::[ -0.7308514   -0.65682435 -12.04096   ]::150::[-0.02005502 -3.9719176  -6.890004  ];
5::000::[ -0.7308514   -0.65682435 -12.04096   ]::150::[-0.02005502 -3.9719176  -6.890004  ];
6::000::[ -0.7308514   -0.65682435 -12.04096   ]::150::[-0.02005502 -3.9719176  -6.890004  ];
7::000::[ -0.7308514   -0.65682435 -12.04096   ]::150::[-0.02005502 -3.9719176  -6.890004  ];
8::000::[ -0.7308514   -0.65682435 -12.04096   ]::150::[-0.02005502 -3.9719176  -6.890004  ];
9::000::[ -0.7308514   -0.65682435 -12.04096   ]::150::[-0.02005502 -3.9719176  -6.890004  ];
10::000::[ -0.7308514   -0.65682435 -12.04096   ]::150::[-0.02005502 -3.9719176  -6.890004  ];
